residue_ID,patch_size,patch_rank,residue_type,protein_id
"('D', (' ', 128, ' '))",978,0,L,2pju_D
"('D', (' ', 97, ' '))",978,0,L,2pju_D
"('D', (' ', 174, ' '))",978,0,I,2pju_D
"('D', (' ', 25, ' '))",978,0,L,2pju_D
"('D', (' ', 180, ' '))",978,0,A,2pju_D
"('D', (' ', 22, ' '))",978,0,L,2pju_D
"('D', (' ', 118, ' '))",978,0,A,2pju_D
"('D', (' ', 91, ' '))",978,0,Y,2pju_D
"('D', (' ', 121, ' '))",978,0,A,2pju_D
"('D', (' ', 96, ' '))",978,0,F,2pju_D
"('D', (' ', 126, ' '))",978,0,F,2pju_D
"('D', (' ', 179, ' '))",978,0,A,2pju_D
"('D', (' ', 98, ' '))",978,0,A,2pju_D
"('D', (' ', 120, ' '))",978,0,V,2pju_D
"('D', (' ', 175, ' '))",978,0,F,2pju_D
"('D', (' ', 116, ' '))",978,0,I,2pju_D
"('D', (' ', 100, ' '))",978,0,A,2pju_D
"('D', (' ', 122, ' '))",978,0,F,2pju_D
"('D', (' ', 103, ' '))",978,0,L,2pju_D
"('D', (' ', 29, ' '))",978,0,I,2pju_D
"('D', (' ', 94, ' '))",978,0,L,2pju_D
"('D', (' ', 81, ' '))",742,1,V,2pju_D
"('D', (' ', 19, ' '))",742,1,V,2pju_D
"('D', (' ', 192, ' '))",742,1,M,2pju_D
"('D', (' ', 84, ' '))",742,1,I,2pju_D
"('D', (' ', 195, ' '))",742,1,M,2pju_D
"('D', (' ', 44, ' '))",742,1,L,2pju_D
"('D', (' ', 74, ' '))",742,1,Y,2pju_D
"('D', (' ', 185, ' '))",742,1,A,2pju_D
"('D', (' ', 49, ' '))",742,1,A,2pju_D
"('D', (' ', 46, ' '))",742,1,F,2pju_D
"('D', (' ', 83, ' '))",742,1,V,2pju_D
"('D', (' ', 52, ' '))",742,1,Y,2pju_D
"('D', (' ', 86, ' '))",742,1,I,2pju_D
"('D', (' ', 85, ' '))",742,1,L,2pju_D
"('D', (' ', 79, ' '))",742,1,L,2pju_D
"('D', (' ', 42, ' '))",742,1,I,2pju_D
"('D', (' ', 23, ' '))",742,1,F,2pju_D
"('D', (' ', 73, ' '))",742,1,A,2pju_D
"('D', (' ', 189, ' '))",742,1,A,2pju_D
"('D', (' ', 177, ' '))",442,2,Y,2pju_D
"('D', (' ', 135, ' '))",442,2,Y,2pju_D
"('D', (' ', 136, ' '))",442,2,I,2pju_D
"('D', (' ', 112, ' '))",442,2,Y,2pju_D
"('D', (' ', 161, ' '))",442,2,L,2pju_D
"('D', (' ', 162, ' '))",442,2,I,2pju_D
"('D', (' ', 68, ' '))",442,2,A,2pju_D
"('D', (' ', 165, ' '))",442,2,L,2pju_D
"('D', (' ', 67, ' '))",442,2,A,2pju_D
"('D', (' ', 22, ' '))",442,2,L,2pju_D
"('D', (' ', 169, ' '))",442,2,A,2pju_D
"('D', (' ', 145, ' '))",442,2,I,2pju_D
"('D', (' ', 176, ' '))",442,2,I,2pju_D
"('D', (' ', 110, ' '))",442,2,V,2pju_D
"('D', (' ', 175, ' '))",442,2,F,2pju_D
"('D', (' ', 17, ' '))",442,2,V,2pju_D
"('D', (' ', 159, ' '))",442,2,A,2pju_D
"('D', (' ', 215, ' '))",280,3,L,2pju_D
"('D', (' ', 213, ' '))",280,3,Y,2pju_D
"('D', (' ', 214, ' '))",280,3,V,2pju_D
"('D', (' ', 81, ' '))",159,4,V,2pju_D
"('D', (' ', 62, ' '))",159,4,C,2pju_D
"('D', (' ', 58, ' '))",159,4,A,2pju_D
"('D', (' ', 57, ' '))",159,4,L,2pju_D
"('D', (' ', 31, ' '))",116,5,L,2pju_D
"('D', (' ', 33, ' '))",110,6,F,2pju_D
"('D', (' ', 36, ' '))",110,6,L,2pju_D
"('D', (' ', 190, ' '))",110,6,L,2pju_D
"('D', (' ', 197, ' '))",98,7,L,2pju_D
"('D', (' ', 150, ' '))",89,8,A,2pju_D
"('D', (' ', 204, ' '))",87,9,A,2pju_D
"('D', (' ', 79, ' '))",70,10,L,2pju_D
"('D', (' ', 57, ' '))",70,10,L,2pju_D
"('D', (' ', 107, ' '))",43,11,I,2pju_D
"('D', (' ', 128, ' '))",43,11,L,2pju_D
"('D', (' ', 130, ' '))",43,11,L,2pju_D
"('D', (' ', 23, ' '))",37,12,F,2pju_D
"('D', (' ', 26, ' '))",37,12,F,2pju_D
"('D', (' ', 37, ' '))",26,13,A,2pju_D
"('D', (' ', 39, ' '))",26,13,I,2pju_D
"('D', (' ', 15, ' '))",21,14,W,2pju_D
"('D', (' ', 13, ' '))",21,14,V,2pju_D
"('D', (' ', 13, ' '))",21,15,V,2pju_D
"('D', (' ', 171, ' '))",4,16,M,2pju_D
"('D', (' ', 155, ' '))",1,17,A,2pju_D
"('D', (' ', 50, ' '))",1,18,V,2pju_D
"('D', (' ', 148, ' '))",0,19,L,2pju_D
