residue_ID,patch_size,patch_rank,residue_type,protein_id
"('A', (' ', 230, ' '))",1658,0,L,2x78_A
"('A', (' ', 156, ' '))",1658,0,Y,2x78_A
"('A', (' ', 261, ' '))",1658,0,L,2x78_A
"('A', (' ', 140, ' '))",1658,0,L,2x78_A
"('A', (' ', 155, ' '))",1658,0,L,2x78_A
"('A', (' ', 220, ' '))",1658,0,V,2x78_A
"('A', (' ', 177, ' '))",1658,0,A,2x78_A
"('A', (' ', 270, ' '))",1658,0,F,2x78_A
"('A', (' ', 165, ' '))",1658,0,A,2x78_A
"('A', (' ', 149, ' '))",1658,0,M,2x78_A
"('A', (' ', 260, ' '))",1658,0,V,2x78_A
"('A', (' ', 257, ' '))",1658,0,Y,2x78_A
"('A', (' ', 152, ' '))",1658,0,F,2x78_A
"('A', (' ', 139, ' '))",1658,0,Y,2x78_A
"('A', (' ', 263, ' '))",1658,0,Y,2x78_A
"('A', (' ', 269, ' '))",1658,0,L,2x78_A
"('A', (' ', 253, ' '))",1658,0,L,2x78_A
"('A', (' ', 268, ' '))",1658,0,L,2x78_A
"('A', (' ', 173, ' '))",1658,0,L,2x78_A
"('A', (' ', 176, ' '))",1658,0,I,2x78_A
"('A', (' ', 272, ' '))",1658,0,I,2x78_A
"('A', (' ', 303, ' '))",1658,0,Y,2x78_A
"('A', (' ', 302, ' '))",1658,0,L,2x78_A
"('A', (' ', 246, ' '))",1658,0,L,2x78_A
"('A', (' ', 172, ' '))",1658,0,V,2x78_A
"('A', (' ', 154, ' '))",1658,0,W,2x78_A
"('A', (' ', 141, ' '))",1658,0,Y,2x78_A
"('A', (' ', 160, ' '))",1658,0,A,2x78_A
"('A', (' ', 243, ' '))",1658,0,Y,2x78_A
"('A', (' ', 227, ' '))",1658,0,I,2x78_A
"('A', (' ', 178, ' '))",1658,0,I,2x78_A
"('A', (' ', 122, ' '))",1658,0,F,2x78_A
"('A', (' ', 204, ' '))",192,1,I,2x78_A
"('A', (' ', 199, ' '))",192,1,A,2x78_A
"('A', (' ', 206, ' '))",192,1,L,2x78_A
"('A', (' ', 195, ' '))",192,1,F,2x78_A
"('A', (' ', 181, ' '))",192,1,V,2x78_A
"('A', (' ', 208, ' '))",192,1,F,2x78_A
"('A', (' ', 196, ' '))",192,1,A,2x78_A
"('A', (' ', 188, ' '))",156,2,A,2x78_A
"('A', (' ', 189, ' '))",156,2,A,2x78_A
"('A', (' ', 129, ' '))",156,2,Y,2x78_A
"('A', (' ', 190, ' '))",156,2,F,2x78_A
"('A', (' ', 141, ' '))",156,2,Y,2x78_A
"('A', (' ', 286, ' '))",143,3,L,2x78_A
"('A', (' ', 284, ' '))",143,3,L,2x78_A
"('A', (' ', 292, ' '))",143,3,L,2x78_A
"('A', (' ', 295, ' '))",143,3,L,2x78_A
"('A', (' ', 286, ' '))",140,4,L,2x78_A
"('A', (' ', 251, ' '))",140,4,L,2x78_A
"('A', (' ', 248, ' '))",140,4,V,2x78_A
"('A', (' ', 245, ' '))",140,4,L,2x78_A
"('A', (' ', 236, ' '))",96,5,V,2x78_A
"('A', (' ', 133, ' '))",96,5,L,2x78_A
"('A', (' ', 243, ' '))",55,6,Y,2x78_A
"('A', (' ', 167, ' '))",53,7,V,2x78_A
"('A', (' ', 198, ' '))",53,7,W,2x78_A
"('A', (' ', 126, ' '))",37,8,F,2x78_A
"('A', (' ', 144, ' '))",37,8,V,2x78_A
"('A', (' ', 146, ' '))",37,8,V,2x78_A
"('A', (' ', 227, ' '))",37,8,I,2x78_A
"('A', (' ', 127, ' '))",37,8,I,2x78_A
"('A', (' ', 130, ' '))",26,9,I,2x78_A
"('A', (' ', 129, ' '))",26,9,Y,2x78_A
"('A', (' ', 204, ' '))",8,10,I,2x78_A
