residue_ID,patch_size,patch_rank,residue_type,protein_id
"('A', (' ', 714, ' '))",2262,0,F,4qq0_A
"('A', (' ', 683, ' '))",2262,0,L,4qq0_A
"('A', (' ', 627, ' '))",2262,0,A,4qq0_A
"('A', (' ', 674, ' '))",2262,0,L,4qq0_A
"('A', (' ', 720, ' '))",2262,0,V,4qq0_A
"('A', (' ', 689, ' '))",2262,0,I,4qq0_A
"('A', (' ', 671, ' '))",2262,0,A,4qq0_A
"('A', (' ', 673, ' '))",2262,0,Y,4qq0_A
"('A', (' ', 710, ' '))",2262,0,V,4qq0_A
"('A', (' ', 707, ' '))",2262,0,F,4qq0_A
"('A', (' ', 676, ' '))",2262,0,L,4qq0_A
"('A', (' ', 754, ' '))",2262,0,V,4qq0_A
"('A', (' ', 636, ' '))",2262,0,L,4qq0_A
"('A', (' ', 744, ' '))",2262,0,A,4qq0_A
"('A', (' ', 667, ' '))",2262,0,A,4qq0_A
"('A', (' ', 695, ' '))",2262,0,M,4qq0_A
"('A', (' ', 670, ' '))",2262,0,L,4qq0_A
"('A', (' ', 654, ' '))",2262,0,I,4qq0_A
"('A', (' ', 623, ' '))",2262,0,I,4qq0_A
"('A', (' ', 669, ' '))",2262,0,C,4qq0_A
"('A', (' ', 657, ' '))",2262,0,I,4qq0_A
"('A', (' ', 753, ' '))",2262,0,V,4qq0_A
"('A', (' ', 660, ' '))",2262,0,Y,4qq0_A
"('A', (' ', 642, ' '))",2262,0,F,4qq0_A
"('A', (' ', 688, ' '))",2262,0,V,4qq0_A
"('A', (' ', 632, ' '))",2262,0,M,4qq0_A
"('A', (' ', 756, ' '))",2262,0,L,4qq0_A
"('A', (' ', 737, ' '))",2262,0,V,4qq0_A
"('A', (' ', 694, ' '))",2262,0,V,4qq0_A
"('A', (' ', 752, ' '))",2262,0,F,4qq0_A
"('A', (' ', 678, ' '))",2262,0,F,4qq0_A
"('A', (' ', 743, ' '))",2262,0,I,4qq0_A
"('A', (' ', 725, ' '))",2262,0,I,4qq0_A
"('A', (' ', 740, ' '))",2262,0,L,4qq0_A
"('A', (' ', 697, ' '))",2262,0,A,4qq0_A
"('A', (' ', 635, ' '))",2262,0,L,4qq0_A
"('A', (' ', 746, ' '))",2262,0,I,4qq0_A
"('A', (' ', 684, ' '))",2262,0,L,4qq0_A
"('A', (' ', 730, ' '))",2262,0,A,4qq0_A
"('A', (' ', 699, ' '))",2262,0,A,4qq0_A
"('A', (' ', 703, ' '))",2262,0,V,4qq0_A
"('A', (' ', 749, ' '))",2262,0,V,4qq0_A
"('A', (' ', 656, ' '))",2262,0,V,4qq0_A
"('A', (' ', 702, ' '))",2262,0,L,4qq0_A
"('A', (' ', 733, ' '))",2262,0,F,4qq0_A
"('A', (' ', 690, ' '))",2262,0,I,4qq0_A
"('A', (' ', 755, ' '))",2262,0,L,4qq0_A
"('A', (' ', 628, ' '))",2262,0,V,4qq0_A
"('A', (' ', 724, ' '))",2262,0,Y,4qq0_A
"('A', (' ', 708, ' '))",2262,0,A,4qq0_A
"('A', (' ', 712, ' '))",2262,0,V,4qq0_A
"('A', (' ', 681, ' '))",2262,0,L,4qq0_A
"('A', (' ', 634, ' '))",2262,0,I,4qq0_A
"('A', (' ', 680, ' '))",2262,0,Y,4qq0_A
"('A', (' ', 622, ' '))",2262,0,V,4qq0_A
"('A', (' ', 668, ' '))",2262,0,A,4qq0_A
"('A', (' ', 748, ' '))",2262,0,A,4qq0_A
"('A', (' ', 572, ' '))",572,1,V,4qq0_A
"('A', (' ', 609, ' '))",572,1,V,4qq0_A
"('A', (' ', 615, ' '))",572,1,V,4qq0_A
"('A', (' ', 565, ' '))",572,1,L,4qq0_A
"('A', (' ', 611, ' '))",572,1,A,4qq0_A
"('A', (' ', 612, ' '))",572,1,L,4qq0_A
"('A', (' ', 607, ' '))",572,1,Y,4qq0_A
"('A', (' ', 614, ' '))",572,1,F,4qq0_A
"('A', (' ', 618, ' '))",572,1,V,4qq0_A
"('A', (' ', 606, ' '))",572,1,L,4qq0_A
"('A', (' ', 563, ' '))",572,1,I,4qq0_A
"('A', (' ', 583, ' '))",572,1,F,4qq0_A
"('A', (' ', 579, ' '))",336,2,V,4qq0_A
"('A', (' ', 593, ' '))",336,2,I,4qq0_A
"('A', (' ', 566, ' '))",336,2,I,4qq0_A
"('A', (' ', 573, ' '))",336,2,I,4qq0_A
"('A', (' ', 565, ' '))",336,2,L,4qq0_A
"('A', (' ', 581, ' '))",336,2,F,4qq0_A
"('A', (' ', 591, ' '))",336,2,F,4qq0_A
"('A', (' ', 583, ' '))",336,2,F,4qq0_A
"('A', (' ', 560, ' '))",212,3,I,4qq0_A
"('A', (' ', 600, ' '))",117,4,I,4qq0_A
"('A', (' ', 629, ' '))",40,5,W,4qq0_A
"('A', (' ', 629, ' '))",40,6,W,4qq0_A
"('A', (' ', 660, ' '))",28,7,Y,4qq0_A
"('A', (' ', 661, ' '))",28,7,L,4qq0_A
"('A', (' ', 576, ' '))",15,8,F,4qq0_A
"('A', (' ', 596, ' '))",15,8,V,4qq0_A
"('A', (' ', 636, ' '))",12,9,L,4qq0_A
"('A', (' ', 645, ' '))",12,9,I,4qq0_A
"('A', (' ', 678, ' '))",10,10,F,4qq0_A
"('A', (' ', 736, ' '))",7,11,V,4qq0_A
