,pdbid,chain,pdb_index,amino_acid,patch_size
0,2pd0,D,-18,M,
1,2pd0,D,-17,G,
2,2pd0,D,-16,S,
3,2pd0,D,-15,S,
4,2pd0,D,-14,H,
5,2pd0,D,-13,H,
6,2pd0,D,-12,H,
7,2pd0,D,-11,H,
8,2pd0,D,-10,H,
9,2pd0,D,-9,H,
10,2pd0,D,-8,S,
11,2pd0,D,-7,S,
12,2pd0,D,-6,G,
13,2pd0,D,-5,L,
14,2pd0,D,-4,V,
15,2pd0,D,-3,P,
16,2pd0,D,-2,R,
17,2pd0,D,-1,G,
18,2pd0,D,0,S,
19,2pd0,D,1,K,
20,2pd0,D,2,L,1772.0
21,2pd0,D,3,L,1772.0
22,2pd0,D,4,G,
23,2pd0,D,5,V,
24,2pd0,D,6,N,
25,2pd0,D,7,S,
26,2pd0,D,8,F,274.0
27,2pd0,D,9,A,
28,2pd0,D,10,L,831.0
29,2pd0,D,11,R,
30,2pd0,D,12,Q,
31,2pd0,D,13,F,831.0
32,2pd0,D,14,V,831.0
33,2pd0,D,15,E,
34,2pd0,D,16,G,
35,2pd0,D,17,Y,831.0
36,2pd0,D,18,R,
37,2pd0,D,19,G,
38,2pd0,D,20,S,
39,2pd0,D,21,Y,831.0
40,2pd0,D,22,I,831.0
41,2pd0,D,23,P,
42,2pd0,D,24,R,
43,2pd0,D,26,S,
44,2pd0,D,27,P,
45,2pd0,D,28,Y,831.0
46,2pd0,D,29,E,
47,2pd0,D,30,F,831.0
48,2pd0,D,31,L,
49,2pd0,D,32,R,
50,2pd0,D,33,N,
51,2pd0,D,34,V,831.0
52,2pd0,D,35,N,
53,2pd0,D,36,N,
54,2pd0,D,37,Y,1772.0
55,2pd0,D,38,I,1772.0
56,2pd0,D,39,I,1772.0
57,2pd0,D,40,E,
58,2pd0,D,41,N,
59,2pd0,D,42,N,
60,2pd0,D,43,P,
61,2pd0,D,44,T,
62,2pd0,D,45,L,1772.0
63,2pd0,D,46,V,1772.0
64,2pd0,D,47,D,
65,2pd0,D,48,G,
66,2pd0,D,49,Y,274.0
67,2pd0,D,50,A,274.0
68,2pd0,D,51,D,
69,2pd0,D,52,F,274.0
70,2pd0,D,53,C,274.0
71,2pd0,D,54,K,
72,2pd0,D,55,H,
73,2pd0,D,56,I,1772.0
74,2pd0,D,57,F,1772.0
75,2pd0,D,58,I,1772.0
76,2pd0,D,59,P,
77,2pd0,D,60,N,
78,2pd0,D,61,F,831.0
79,2pd0,D,62,T,
80,2pd0,D,63,E,
81,2pd0,D,64,A,43.0
82,2pd0,D,65,K,
83,2pd0,D,66,Q,
84,2pd0,D,67,S,
85,2pd0,D,68,I,1772.0
86,2pd0,D,69,V,1772.0
87,2pd0,D,70,K,
88,2pd0,D,71,I,26.0
89,2pd0,D,72,T,
90,2pd0,D,73,N,
91,2pd0,D,74,E,
92,2pd0,D,75,N,
93,2pd0,D,76,E,
94,2pd0,D,77,K,
95,2pd0,D,78,Y,113.0
96,2pd0,D,79,I,113.0
97,2pd0,D,80,K,
98,2pd0,D,81,T,
99,2pd0,D,82,G,
100,2pd0,D,83,Y,1772.0
101,2pd0,D,84,I,301.0
102,2pd0,D,85,S,
103,2pd0,D,86,R,
104,2pd0,D,87,R,
105,2pd0,D,88,D,
106,2pd0,D,89,E,
107,2pd0,D,90,E,
108,2pd0,D,91,I,1772.0
109,2pd0,D,92,P,
110,2pd0,D,93,V,1772.0
111,2pd0,D,94,L,1772.0
112,2pd0,D,95,S,
113,2pd0,D,96,R,
114,2pd0,D,97,W,301.0
115,2pd0,D,98,F,
116,2pd0,D,99,P,
117,2pd0,D,100,K,
118,2pd0,D,101,D,
119,2pd0,D,102,S,
120,2pd0,D,103,P,
121,2pd0,D,104,P,
122,2pd0,D,105,A,171.0
123,2pd0,D,106,S,
124,2pd0,D,107,Q,
125,2pd0,D,108,L,1772.0
126,2pd0,D,109,I,171.0
127,2pd0,D,110,K,
128,2pd0,D,111,S,
129,2pd0,D,112,K,
130,2pd0,D,113,Y,1772.0
131,2pd0,D,114,L,
132,2pd0,D,115,D,
133,2pd0,D,116,I,
134,2pd0,D,117,I,274.0
135,2pd0,D,118,L,
136,2pd0,D,119,Y,274.0
137,2pd0,D,120,S,
138,2pd0,D,121,K,
139,2pd0,D,122,E,
140,2pd0,D,123,Q,
141,2pd0,D,124,C,274.0
142,2pd0,D,125,E,
143,2pd0,D,126,K,
144,2pd0,D,127,E,
145,2pd0,D,128,S,
146,2pd0,D,129,S,
147,2pd0,D,130,I,1772.0
148,2pd0,D,132,N,
149,2pd0,D,133,C,
150,2pd0,D,134,C,831.0
151,2pd0,D,135,L,831.0
152,2pd0,D,136,Q,
153,2pd0,D,137,D,
154,2pd0,D,138,I,831.0
155,2pd0,D,139,L,831.0
156,2pd0,D,140,D,
157,2pd0,D,141,D,
158,2pd0,D,142,R,
159,2pd0,D,143,E,
160,2pd0,D,144,K,
161,2pd0,D,145,N,
162,2pd0,D,146,P,
163,2pd0,D,147,D,
164,2pd0,D,148,W,1772.0
165,2pd0,D,149,Y,274.0
166,2pd0,D,150,I,
167,2pd0,D,151,I,274.0
168,2pd0,D,152,S,
169,2pd0,D,153,I,
170,2pd0,D,154,K,
171,2pd0,D,155,A,2.0
172,2pd0,D,156,Q,
173,2pd0,D,157,N,
174,2pd0,D,158,E,
175,2pd0,D,159,S,
176,2pd0,D,160,F,1772.0
177,2pd0,D,161,E,
178,2pd0,D,162,V,1772.0
179,2pd0,D,163,P,
180,2pd0,D,165,E,
181,2pd0,D,166,P,
182,2pd0,D,167,I,1772.0
183,2pd0,D,168,T,
184,2pd0,D,169,I,114.0
185,2pd0,D,170,L,1772.0
186,2pd0,D,171,R,
187,2pd0,D,172,N,
188,2pd0,D,173,T,
189,2pd0,D,174,L,1772.0
190,2pd0,D,175,I,1772.0
191,2pd0,D,176,E,
192,2pd0,D,177,E,
193,2pd0,D,178,G,
194,2pd0,D,179,G,
195,2pd0,D,180,S,
196,2pd0,D,181,G,
197,2pd0,D,182,V,274.0
198,2pd0,D,183,P,
199,2pd0,D,184,L,1772.0
200,2pd0,D,185,K,
201,2pd0,D,186,R,
202,2pd0,D,187,E,
203,2pd0,D,188,K,
204,2pd0,D,189,Y,1772.0
205,2pd0,D,190,L,1772.0
206,2pd0,D,191,E,
207,2pd0,D,192,S,
208,2pd0,D,193,V,1772.0
209,2pd0,D,194,E,
210,2pd0,D,195,F,1772.0
211,2pd0,D,196,W,1772.0
212,2pd0,D,197,K,
213,2pd0,D,198,E,
214,2pd0,D,199,H,
215,2pd0,D,200,A,1772.0
216,2pd0,D,201,I,1772.0
217,2pd0,D,202,V,171.0
218,2pd0,D,203,S,
219,2pd0,D,204,S,
