residue,id,patch_size
G,1,
A,2,
D,3,
D,4,
L,5,1338.0
S,6,
E,7,
F,8,1338.0
V,9,
D,10,
Q,11,
V,12,1338.0
P,13,
L,14,
L,15,
D,16,
H,17,
H,18,
C,19,
H,20,
F,21,
L,22,
I,23,
D,24,
G,25,
K,26,
V,27,10.0
P,28,
N,29,
R,30,
D,31,
D,32,
R,33,
L,34,
A,35,
Q,36,
V,37,21.0
S,38,
T,39,
E,40,
A,41,247.0
D,42,
K,43,
D,44,
Y,45,247.0
P,46,
L,47,247.0
A,48,247.0
D,49,
T,50,
K,51,
N,52,
R,53,
L,54,104.0
A,55,104.0
Y,56,419.0
H,57,
G,58,
F,59,
L,60,419.0
A,61,419.0
L,62,419.0
A,63,419.0
K,64,
E,65,
F,66,419.0
A,67,419.0
L,68,419.0
D,69,
A,70,419.0
N,71,
N,72,
P,73,
L,74,419.0
A,75,419.0
A,76,419.0
A,77,
N,78,
D,79,
P,80,
G,81,
Y,82,64.0
A,83,64.0
T,84,
Y,85,419.0
N,86,
H,87,
R,88,
I,89,
F,90,26.0
G,91,
H,92,
F,93,8.0
H,94,
F,95,
K,96,
E,97,
L,98,
L,99,
I,100,
D,101,
T,102,
G,103,
F,104,406.0
V,105,406.0
P,106,
D,107,
D,108,
P,109,
I,110,406.0
L,111,406.0
D,112,
L,113,406.0
D,114,
Q,115,
T,116,
A,117,48.0
E,118,
L,119,64.0
V,120,
G,121,
I,122,48.0
P,123,
V,124,16.0
K,125,
A,126,406.0
I,127,
Y,128,406.0
R,129,
L,130,
E,131,
T,132,
H,133,
A,134,
E,135,
D,136,
F,137,600.0
A,138,
L,139,88.0
E,140,
H,141,
D,142,
N,143,
F,144,600.0
A,145,600.0
A,146,600.0
W,147,
W,148,600.0
Q,149,
A,150,600.0
F,151,
S,152,
N,153,
D,154,
V,155,
K,156,
Q,157,
A,158,406.0
K,159,
A,160,91.0
H,161,
G,162,
F,163,406.0
V,164,13.0
G,165,
F,166,
X,167,
S,168,
I,169,406.0
A,170,
A,171,1338.0
Y,172,406.0
R,173,
V,174,1338.0
G,175,
L,176,
H,177,
L,178,0.0
E,179,
P,180,
V,181,600.0
N,182,
V,183,600.0
I,184,600.0
E,185,
A,186,
A,187,600.0
A,188,600.0
G,189,
F,190,600.0
D,191,
T,192,
W,193,11.0
K,194,
H,195,
S,196,
G,197,
E,198,
K,199,
R,200,
L,201,11.0
T,202,
S,203,
K,204,
P,205,
L,206,
I,207,
D,208,
Y,209,600.0
A,210,
L,211,
Y,212,600.0
H,213,
V,214,
A,215,600.0
P,216,
F,217,173.0
I,218,
I,219,173.0
A,220,173.0
Q,221,
D,222,
A,223,
P,224,
L,225,
Q,226,
F,227,
H,228,
V,229,
G,230,
Y,231,137.0
G,232,
D,233,
A,234,230.0
D,235,
T,236,
D,237,
A,238,
Y,239,1338.0
L,240,1338.0
G,241,
N,242,
P,243,
L,244,1338.0
L,245,1338.0
A,246,
R,247,
D,248,
Y,249,
L,250,
K,251,
A,252,600.0
F,253,600.0
T,254,
K,255,
K,256,
G,257,
L,258,
K,259,
V,260,
V,261,
L,262,
L,263,
H,264,
C,265,
Y,266,137.0
P,267,
Y,268,1338.0
H,269,
R,270,
E,271,
A,272,
G,273,
Y,274,1338.0
L,275,1338.0
A,276,1338.0
S,277,
V,278,1338.0
F,279,1338.0
P,280,
N,281,
L,282,
Y,283,39.0
F,284,
D,285,
I,286,
S,287,
L,288,21.0
L,289,137.0
D,290,
N,291,
L,292,137.0
G,293,
P,294,
S,295,
G,296,
A,297,0.0
S,298,
R,299,
V,300,137.0
F,301,
N,302,
E,303,
A,304,1338.0
V,305,1338.0
E,306,
L,307,1338.0
A,308,1338.0
P,309,
Y,310,1338.0
T,311,
R,312,
I,313,
L,314,
F,315,
A,316,
S,317,
D,318,
A,319,0.0
S,320,
T,321,
Y,322,
P,323,
E,324,
A,325,
Y,326,
G,327,
L,328,419.0
A,329,
A,330,
R,331,
Q,332,
F,333,
K,334,
Q,335,
A,336,
L,337,
V,338,80.0
A,339,80.0
H,340,
F,341,
N,342,
Q,343,
L,344,1338.0
P,345,
F,346,1338.0
V,347,1338.0
D,348,
L,349,1338.0
A,350,1338.0
Q,351,
K,352,
K,353,
A,354,1338.0
W,355,1338.0
I,356,
N,357,
A,358,1338.0
I,359,
C,360,
W,361,273.0
Q,362,
T,363,
S,364,
A,365,273.0
K,366,
L,367,39.0
Y,368,
H,369,
Q,370,
E,371,
R,372,
E,373,
L,374,273.0
R,375,
V,376,273.0
X,377,
X,378,
X,379,
X,380,
X,381,
X,382,
X,383,
X,384,
X,385,
X,386,
X,387,
X,388,
X,389,
X,390,
X,391,
X,392,
X,393,
X,394,
X,395,
X,396,
X,397,
X,398,
X,399,
X,400,
X,401,
X,402,
X,403,
X,404,
X,405,
X,406,
X,407,
X,408,
X,409,
X,410,
X,411,
X,412,
X,413,
X,414,
X,415,
X,416,
X,417,
X,418,
X,419,
X,420,
X,421,
X,422,
X,423,
X,424,
X,425,
X,426,
X,427,
X,428,
X,429,
X,430,
X,431,
X,432,
X,433,
X,434,
X,435,
X,436,
X,437,
X,438,
X,439,
X,440,
X,441,
X,442,
X,443,
X,444,
X,445,
X,446,
X,447,
X,448,
X,449,
X,450,
X,451,
X,452,
X,453,
X,454,
X,455,
X,456,
X,457,
X,458,
X,459,
X,460,
X,461,
X,462,
X,463,
X,464,
X,465,
X,466,
X,467,
X,468,
X,469,
X,470,
X,471,
X,472,
X,473,
X,474,
X,475,
X,476,
X,477,
X,478,
X,479,
X,480,
X,481,
X,482,
X,483,
X,484,
X,485,
X,486,
X,487,
X,488,
X,489,
X,490,
X,491,
X,492,
X,493,
X,494,
X,495,
X,496,
X,497,
X,498,
X,499,
X,500,
X,501,
X,502,
X,503,
X,504,
X,505,
X,506,
X,507,
X,508,
X,509,
X,510,
X,511,
X,512,
X,513,
X,514,
X,515,
X,516,
X,517,
X,518,
X,519,
X,520,
X,521,
X,522,
X,523,
X,524,
X,525,
X,526,
X,527,
X,528,
X,529,
X,530,
X,531,
X,532,
X,533,
X,534,
X,535,
X,536,
X,537,
X,538,
X,539,
X,540,
X,541,
X,542,
X,543,
X,544,
X,545,
X,546,
X,547,
X,548,
X,549,
X,550,
X,551,
X,552,
X,553,
X,554,
X,555,
X,556,
X,557,
X,558,
X,559,
X,560,
X,561,
X,562,
X,563,
X,564,
X,565,
X,566,
X,567,
X,568,
X,569,
X,570,
X,571,
X,572,
X,573,
X,574,
X,575,
X,576,
X,577,
X,578,
X,579,
X,580,
X,581,
X,582,
X,583,
X,584,
X,585,
X,586,
X,587,
X,588,
X,589,
X,590,
X,591,
X,592,
X,593,
X,594,
X,595,
X,596,
X,597,
X,598,
X,599,
X,600,
X,601,
X,602,
X,603,
X,604,
X,605,
X,606,
X,607,
X,608,
X,609,
X,610,
X,611,
X,612,
X,613,
X,614,
X,615,
X,616,
X,617,
X,618,
X,619,
X,620,
X,621,
X,622,
X,623,
X,624,
X,625,
X,626,
X,627,
X,628,
X,629,
X,630,
X,631,
X,632,
X,633,
X,634,
X,635,
X,636,
X,637,
X,638,
X,639,
X,640,
X,641,
X,642,
X,643,
X,644,
X,645,
X,646,
X,647,
X,648,
X,649,
X,650,
X,651,
X,652,
X,653,
X,654,
X,655,
X,656,
X,657,
X,658,
X,659,
X,660,
X,661,
X,662,
X,663,
X,664,
X,665,
X,666,
X,667,
X,668,
X,669,
X,670,
X,671,
X,672,
X,673,
X,674,
X,675,
X,676,
X,677,
X,678,
X,679,
X,680,
X,681,
X,682,
X,683,
X,684,
X,685,
X,686,
X,687,
X,688,
X,689,
X,690,
X,691,
X,692,
X,693,
X,694,
X,695,
X,696,
X,697,
X,698,
X,699,
X,700,
X,701,
X,702,
X,703,
X,704,
X,705,
X,706,
X,707,
X,708,
X,709,
X,710,
X,711,
X,712,
X,713,
X,714,
X,715,
X,716,
X,717,
X,718,
X,719,
X,720,
X,721,
X,722,
X,723,
X,724,
X,725,
X,726,
X,727,
X,728,
X,729,
X,730,
X,731,
X,732,
X,733,
X,734,
X,735,
X,736,
X,737,
X,738,
X,739,
X,740,
X,741,
X,742,
X,743,
X,744,
X,745,
X,746,
X,747,
X,748,
X,749,
X,750,
X,751,
X,752,
X,753,
X,754,
X,755,
X,756,
X,757,
X,758,
X,759,
X,760,
X,761,
X,762,
X,763,
X,764,
X,765,
X,766,
X,767,
X,768,
X,769,
X,770,
X,771,
X,772,
X,773,
X,774,
X,775,
X,776,
X,777,
X,778,
X,779,
X,780,
X,781,
X,782,
X,783,
X,784,
X,785,
X,786,
X,787,
X,788,
X,789,
X,790,
X,791,
X,792,
X,793,
X,794,
X,795,
X,796,
X,797,
X,798,
X,799,
X,800,
X,801,
X,802,
X,803,
X,804,
X,805,
X,806,
X,807,
X,808,
X,809,
X,810,
X,811,
X,812,
X,813,
X,814,
X,815,
X,816,
X,817,
X,818,
X,819,
X,820,
X,821,
X,822,
X,823,
X,824,
X,825,
X,826,
X,827,
X,828,
X,829,
X,830,
X,831,
X,832,
X,833,
X,834,
X,835,
X,836,
X,837,
X,838,
X,839,
X,840,
X,841,
X,842,
X,843,
X,844,
X,845,
X,846,
X,847,
X,848,
X,849,
X,850,
X,851,
X,852,
X,853,
X,854,
X,855,
X,856,
X,857,
X,858,
X,859,
X,860,
X,861,
X,862,
X,863,
X,864,
X,865,
X,866,
X,867,
X,868,
X,869,
X,870,
X,871,
X,872,
X,873,
X,874,
X,875,
X,876,
X,877,
X,878,
X,879,
X,880,
X,881,
