,pdbid,chain,pdb_index,amino_acid,patch_size
0,4jhn,D,1,M,
1,4jhn,D,2,R,
2,4jhn,D,3,E,
3,4jhn,D,4,P,
4,4jhn,D,5,E,
5,4jhn,D,6,E,
6,4jhn,D,7,L,2301.0
7,4jhn,D,8,M,2301.0
8,4jhn,D,9,P,
9,4jhn,D,10,D,
10,4jhn,D,11,S,
11,4jhn,D,12,G,
12,4jhn,D,13,A,2301.0
13,4jhn,D,14,V,
14,4jhn,D,15,F,2301.0
15,4jhn,D,16,T,
16,4jhn,D,17,F,2301.0
17,4jhn,D,18,G,
18,4jhn,D,19,K,
19,4jhn,D,20,S,
20,4jhn,D,21,K,
21,4jhn,D,22,F,2301.0
22,4jhn,D,23,A,
23,4jhn,D,24,E,
24,4jhn,D,25,N,
25,4jhn,D,26,N,
26,4jhn,D,27,P,
27,4jhn,D,28,G,
28,4jhn,D,29,K,
29,4jhn,D,30,F,2301.0
30,4jhn,D,31,W,2301.0
31,4jhn,D,32,F,2301.0
32,4jhn,D,33,K,
33,4jhn,D,34,N,
34,4jhn,D,35,D,
35,4jhn,D,36,V,2301.0
36,4jhn,D,37,P,
37,4jhn,D,38,V,2301.0
38,4jhn,D,39,H,
39,4jhn,D,40,L,2301.0
40,4jhn,D,41,S,
41,4jhn,D,42,C,2301.0
42,4jhn,D,43,G,
43,4jhn,D,44,D,
44,4jhn,D,45,E,
45,4jhn,D,46,H,
46,4jhn,D,47,S,
47,4jhn,D,48,A,
48,4jhn,D,49,V,
49,4jhn,D,50,V,2301.0
50,4jhn,D,51,T,
51,4jhn,D,52,G,
52,4jhn,D,53,N,
53,4jhn,D,54,N,
54,4jhn,D,55,K,
55,4jhn,D,56,L,
56,4jhn,D,57,Y,2301.0
57,4jhn,D,58,M,
58,4jhn,D,59,F,
59,4jhn,D,60,G,
60,4jhn,D,61,S,
61,4jhn,D,62,N,
62,4jhn,D,63,N,
63,4jhn,D,64,W,77.0
64,4jhn,D,65,G,
65,4jhn,D,66,Q,
66,4jhn,D,67,L,
67,4jhn,D,68,G,
68,4jhn,D,69,L,2301.0
69,4jhn,D,70,G,
70,4jhn,D,71,S,
71,4jhn,D,72,K,
72,4jhn,D,73,S,
73,4jhn,D,74,A,2301.0
74,4jhn,D,75,I,2301.0
75,4jhn,D,76,S,
76,4jhn,D,77,K,
77,4jhn,D,78,P,
78,4jhn,D,79,T,
79,4jhn,D,80,C,2301.0
80,4jhn,D,81,V,2301.0
81,4jhn,D,82,K,
82,4jhn,D,83,A,2301.0
83,4jhn,D,84,L,2301.0
84,4jhn,D,85,K,
85,4jhn,D,86,P,
86,4jhn,D,87,E,
87,4jhn,D,88,K,
88,4jhn,D,89,V,
89,4jhn,D,90,K,
90,4jhn,D,91,L,2301.0
91,4jhn,D,92,A,2301.0
92,4jhn,D,93,A,2301.0
93,4jhn,D,94,C,2301.0
94,4jhn,D,95,G,
95,4jhn,D,96,R,
96,4jhn,D,97,N,
97,4jhn,D,98,H,
98,4jhn,D,99,T,
99,4jhn,D,100,L,
100,4jhn,D,101,V,
101,4jhn,D,102,S,
102,4jhn,D,103,T,
103,4jhn,D,104,E,
104,4jhn,D,105,G,
105,4jhn,D,106,G,
106,4jhn,D,107,N,
107,4jhn,D,108,V,2301.0
108,4jhn,D,109,Y,2301.0
109,4jhn,D,110,A,
110,4jhn,D,111,T,
111,4jhn,D,112,G,
112,4jhn,D,113,G,
113,4jhn,D,114,N,
114,4jhn,D,115,N,
115,4jhn,D,116,E,
116,4jhn,D,117,G,
117,4jhn,D,118,Q,
118,4jhn,D,119,L,
119,4jhn,D,120,G,
120,4jhn,D,121,L,2301.0
121,4jhn,D,122,G,
122,4jhn,D,123,D,
123,4jhn,D,124,T,
124,4jhn,D,125,E,
125,4jhn,D,126,E,
126,4jhn,D,127,R,
127,4jhn,D,128,N,
128,4jhn,D,129,T,
129,4jhn,D,130,F,2301.0
130,4jhn,D,131,H,
131,4jhn,D,132,V,2301.0
132,4jhn,D,133,I,2301.0
133,4jhn,D,134,S,
134,4jhn,D,135,F,2301.0
135,4jhn,D,136,F,
136,4jhn,D,137,T,
137,4jhn,D,138,S,
138,4jhn,D,139,E,
139,4jhn,D,140,H,
140,4jhn,D,141,K,
141,4jhn,D,142,I,2301.0
142,4jhn,D,143,K,
143,4jhn,D,144,Q,
144,4jhn,D,145,L,2301.0
145,4jhn,D,146,S,
146,4jhn,D,147,A,2301.0
147,4jhn,D,148,G,
148,4jhn,D,149,S,
149,4jhn,D,150,N,
150,4jhn,D,151,T,
151,4jhn,D,152,S,
152,4jhn,D,153,A,
153,4jhn,D,154,A,
154,4jhn,D,155,L,
155,4jhn,D,156,T,
156,4jhn,D,157,E,
157,4jhn,D,158,D,
158,4jhn,D,159,G,
159,4jhn,D,160,R,
160,4jhn,D,161,L,11.0
161,4jhn,D,162,F,2301.0
162,4jhn,D,163,M,
163,4jhn,D,164,W,
164,4jhn,D,165,G,
165,4jhn,D,166,D,
166,4jhn,D,167,N,
167,4jhn,D,168,S,
168,4jhn,D,169,E,
169,4jhn,D,170,G,
170,4jhn,D,171,Q,
171,4jhn,D,172,I,
172,4jhn,D,173,G,
173,4jhn,D,174,L,2301.0
174,4jhn,D,175,K,
175,4jhn,D,176,N,
176,4jhn,D,177,V,2301.0
177,4jhn,D,178,S,
178,4jhn,D,179,N,
179,4jhn,D,180,V,2301.0
180,4jhn,D,181,C,2301.0
181,4jhn,D,182,V,2301.0
182,4jhn,D,183,P,
183,4jhn,D,184,Q,
184,4jhn,D,185,Q,
185,4jhn,D,186,V,33.0
186,4jhn,D,187,T,
187,4jhn,D,188,I,231.0
188,4jhn,D,189,G,
189,4jhn,D,190,K,
190,4jhn,D,191,P,
191,4jhn,D,192,V,11.0
192,4jhn,D,193,S,
193,4jhn,D,194,W,2301.0
194,4jhn,D,195,I,
195,4jhn,D,196,S,
196,4jhn,D,197,C,2301.0
197,4jhn,D,198,G,
198,4jhn,D,199,Y,85.0
199,4jhn,D,200,Y,85.0
200,4jhn,D,201,H,
201,4jhn,D,202,S,
202,4jhn,D,203,A,
203,4jhn,D,204,F,
204,4jhn,D,205,V,2301.0
205,4jhn,D,206,T,
206,4jhn,D,207,T,
207,4jhn,D,208,D,
208,4jhn,D,209,G,
209,4jhn,D,210,E,
210,4jhn,D,211,L,231.0
211,4jhn,D,212,Y,231.0
212,4jhn,D,213,V,
213,4jhn,D,214,F,
214,4jhn,D,215,G,
215,4jhn,D,216,E,
216,4jhn,D,217,P,
217,4jhn,D,218,E,
218,4jhn,D,219,N,
219,4jhn,D,220,G,
220,4jhn,D,221,K,
221,4jhn,D,222,L,
222,4jhn,D,223,G,
223,4jhn,D,224,L,
224,4jhn,D,225,P,
225,4jhn,D,226,N,
226,4jhn,D,227,Q,
227,4jhn,D,228,L,231.0
228,4jhn,D,229,L,102.0
229,4jhn,D,230,G,
230,4jhn,D,231,N,
231,4jhn,D,232,H,
232,4jhn,D,233,R,
233,4jhn,D,234,T,
234,4jhn,D,235,P,
235,4jhn,D,236,Q,
236,4jhn,D,237,L,231.0
237,4jhn,D,238,V,231.0
238,4jhn,D,239,S,
239,4jhn,D,240,E,
240,4jhn,D,241,I,231.0
241,4jhn,D,242,P,
242,4jhn,D,243,E,
243,4jhn,D,244,K,
244,4jhn,D,245,V,2301.0
245,4jhn,D,246,I,2301.0
246,4jhn,D,247,Q,
247,4jhn,D,248,V,2301.0
248,4jhn,D,249,A,2301.0
249,4jhn,D,250,C,2301.0
250,4jhn,D,251,G,
251,4jhn,D,252,G,
252,4jhn,D,253,E,
253,4jhn,D,254,H,
254,4jhn,D,255,T,
255,4jhn,D,256,V,
256,4jhn,D,257,V,
257,4jhn,D,258,L,2301.0
258,4jhn,D,259,T,
259,4jhn,D,260,E,
260,4jhn,D,261,N,
261,4jhn,D,262,A,2301.0
262,4jhn,D,263,V,2301.0
263,4jhn,D,264,Y,592.0
264,4jhn,D,265,T,
265,4jhn,D,266,F,
266,4jhn,D,267,G,
267,4jhn,D,268,L,592.0
268,4jhn,D,269,G,
269,4jhn,D,270,Q,
270,4jhn,D,271,F,73.0
271,4jhn,D,272,G,
272,4jhn,D,273,Q,
273,4jhn,D,274,L,
274,4jhn,D,275,G,
275,4jhn,D,276,L,592.0
276,4jhn,D,277,G,
277,4jhn,D,278,T,
278,4jhn,D,279,F,592.0
279,4jhn,D,280,L,592.0
280,4jhn,D,281,F,592.0
281,4jhn,D,282,E,
282,4jhn,D,283,T,
283,4jhn,D,284,S,
284,4jhn,D,285,E,
285,4jhn,D,286,P,
286,4jhn,D,287,K,
287,4jhn,D,288,V,592.0
288,4jhn,D,289,I,2301.0
289,4jhn,D,290,E,
290,4jhn,D,291,N,
291,4jhn,D,292,I,2301.0
292,4jhn,D,293,R,
293,4jhn,D,294,D,
294,4jhn,D,295,Q,
295,4jhn,D,296,T,
296,4jhn,D,297,I,2301.0
297,4jhn,D,298,S,
298,4jhn,D,299,Y,2301.0
299,4jhn,D,300,I,2301.0
300,4jhn,D,301,S,
301,4jhn,D,302,C,2301.0
302,4jhn,D,303,G,
303,4jhn,D,304,E,
304,4jhn,D,305,N,
305,4jhn,D,306,H,
306,4jhn,D,307,T,
307,4jhn,D,308,A,
308,4jhn,D,309,L,
309,4jhn,D,310,I,2301.0
310,4jhn,D,311,T,
311,4jhn,D,312,D,
312,4jhn,D,313,I,2301.0
313,4jhn,D,314,G,
314,4jhn,D,315,L,2301.0
315,4jhn,D,316,M,
316,4jhn,D,317,Y,2301.0
317,4jhn,D,318,T,
318,4jhn,D,319,F,
319,4jhn,D,320,G,
320,4jhn,D,321,D,
321,4jhn,D,322,G,
322,4jhn,D,323,R,
323,4jhn,D,324,H,
324,4jhn,D,325,G,
325,4jhn,D,326,K,
326,4jhn,D,327,L,
327,4jhn,D,328,G,
328,4jhn,D,329,L,2301.0
329,4jhn,D,330,G,
330,4jhn,D,331,L,192.0
331,4jhn,D,332,E,
332,4jhn,D,333,N,
333,4jhn,D,334,F,192.0
334,4jhn,D,335,T,
335,4jhn,D,336,N,
336,4jhn,D,337,H,
337,4jhn,D,338,F,592.0
338,4jhn,D,339,I,592.0
339,4jhn,D,340,P,
340,4jhn,D,341,T,
341,4jhn,D,342,L,2301.0
342,4jhn,D,343,C,2301.0
343,4jhn,D,344,S,
344,4jhn,D,345,N,
345,4jhn,D,346,F,2301.0
346,4jhn,D,347,L,2301.0
347,4jhn,D,348,R,
348,4jhn,D,349,F,2301.0
349,4jhn,D,350,I,2301.0
350,4jhn,D,351,V,2301.0
351,4jhn,D,352,K,
352,4jhn,D,353,L,2301.0
353,4jhn,D,354,V,2301.0
354,4jhn,D,355,A,2301.0
355,4jhn,D,356,C,2301.0
356,4jhn,D,357,G,
357,4jhn,D,358,G,
358,4jhn,D,359,C,39.0
359,4jhn,D,360,H,
360,4jhn,D,361,M,
361,4jhn,D,362,V,
362,4jhn,D,363,V,
363,4jhn,D,364,F,2301.0
364,4jhn,D,365,A,
365,4jhn,D,366,A,2301.0
366,4jhn,D,367,P,
367,4jhn,D,368,H,
368,4jhn,D,369,R,
369,4jhn,D,370,G,
370,4jhn,D,371,V,
371,4jhn,D,372,A,
372,4jhn,D,373,K,
373,4jhn,D,374,E,
374,4jhn,D,375,I,
375,4jhn,D,376,E,
376,4jhn,D,377,F,
377,4jhn,D,378,D,
378,4jhn,D,379,E,
379,4jhn,D,380,I,
380,4jhn,D,381,N,
381,4jhn,D,382,D,
382,4jhn,D,383,T,
383,4jhn,D,384,C,
384,4jhn,D,385,L,
385,4jhn,D,386,S,
386,4jhn,D,387,V,
387,4jhn,D,388,A,
388,4jhn,D,389,T,
389,4jhn,D,390,F,
390,4jhn,D,391,L,
391,4jhn,D,392,P,
392,4jhn,D,393,P,
393,4jhn,D,394,R,
394,4jhn,D,395,R,
395,4jhn,D,396,P,
396,4jhn,D,397,P,
397,4jhn,D,398,A,
398,4jhn,D,399,Y,
399,4jhn,D,400,V,
400,4jhn,D,401,E,
401,4jhn,D,402,Q,
402,4jhn,D,403,K,
403,4jhn,D,404,L,
404,4jhn,D,405,I,
405,4jhn,D,406,S,
406,4jhn,D,407,E,
407,4jhn,D,408,E,
408,4jhn,D,409,D,
409,4jhn,D,410,L,
410,4jhn,D,411,N,
411,4jhn,D,412,S,
412,4jhn,D,413,A,
413,4jhn,D,414,V,
414,4jhn,D,415,D,
415,4jhn,D,416,H,
416,4jhn,D,417,H,
417,4jhn,D,418,H,
418,4jhn,D,419,H,
419,4jhn,D,420,H,
420,4jhn,D,421,H,
