,pdbid,chain,pdb_index,amino_acid,patch_size
0,5fvj,A,-4,G,
1,5fvj,A,-3,P,
2,5fvj,A,-2,G,
3,5fvj,A,-1,G,
4,5fvj,A,0,T,
5,5fvj,A,1,M,150.0
6,5fvj,A,2,G,
7,5fvj,A,3,R,
8,5fvj,A,4,V,154.0
9,5fvj,A,5,T,
10,5fvj,A,6,A,154.0
11,5fvj,A,7,P,
12,5fvj,A,8,E,
13,5fvj,A,9,P,
14,5fvj,A,10,L,2082.0
15,5fvj,A,11,S,
16,5fvj,A,12,A,2082.0
17,5fvj,A,13,F,2082.0
18,5fvj,A,14,H,
19,5fvj,A,15,Q,
20,5fvj,A,16,V,2082.0
21,5fvj,A,17,A,2082.0
22,5fvj,A,18,E,
23,5fvj,A,19,F,2082.0
24,5fvj,A,20,V,2082.0
25,5fvj,A,21,S,
26,5fvj,A,22,G,
27,5fvj,A,23,E,
28,5fvj,A,24,A,2082.0
29,5fvj,A,25,V,2082.0
30,5fvj,A,26,L,2082.0
31,5fvj,A,27,D,
32,5fvj,A,28,D,
33,5fvj,A,29,W,2082.0
34,5fvj,A,30,L,2082.0
35,5fvj,A,31,K,
36,5fvj,A,32,Q,
37,5fvj,A,33,K,
38,5fvj,A,34,G,
39,5fvj,A,35,L,2082.0
40,5fvj,A,36,K,
41,5fvj,A,37,N,
42,5fvj,A,38,Q,
43,5fvj,A,39,A,2082.0
44,5fvj,A,40,L,2082.0
45,5fvj,A,41,G,
46,5fvj,A,42,A,2082.0
47,5fvj,A,43,A,2082.0
48,5fvj,A,44,R,
49,5fvj,A,45,T,
50,5fvj,A,46,F,2082.0
51,5fvj,A,47,V,
52,5fvj,A,48,V,154.0
53,5fvj,A,49,C,0.0
54,5fvj,A,50,K,
55,5fvj,A,51,K,
56,5fvj,A,52,D,
57,5fvj,A,53,T,
58,5fvj,A,54,K,
59,5fvj,A,55,Q,
60,5fvj,A,56,V,2082.0
61,5fvj,A,57,A,2082.0
62,5fvj,A,58,G,
63,5fvj,A,59,F,
64,5fvj,A,60,Y,
65,5fvj,A,61,S,
66,5fvj,A,62,L,2082.0
67,5fvj,A,63,A,2082.0
68,5fvj,A,64,T,
69,5fvj,A,65,G,
70,5fvj,A,66,S,
71,5fvj,A,67,V,18.0
72,5fvj,A,68,N,
73,5fvj,A,69,H,
74,5fvj,A,70,T,
75,5fvj,A,71,E,
76,5fvj,A,72,A,3.0
77,5fvj,A,73,T,
78,5fvj,A,74,G,
79,5fvj,A,75,N,
80,5fvj,A,76,L,2082.0
81,5fvj,A,77,R,
82,5fvj,A,78,R,
83,5fvj,A,79,N,
84,5fvj,A,80,M,45.0
85,5fvj,A,81,P,
86,5fvj,A,82,D,
87,5fvj,A,83,P,
88,5fvj,A,84,I,
89,5fvj,A,85,P,
90,5fvj,A,86,V,2082.0
91,5fvj,A,87,I,2082.0
92,5fvj,A,88,I,2082.0
93,5fvj,A,89,L,2082.0
94,5fvj,A,90,A,2082.0
95,5fvj,A,91,R,
96,5fvj,A,92,L,2082.0
97,5fvj,A,93,A,2082.0
98,5fvj,A,94,V,2082.0
99,5fvj,A,95,D,
100,5fvj,A,96,L,2082.0
101,5fvj,A,97,S,
102,5fvj,A,98,F,2082.0
103,5fvj,A,99,H,
104,5fvj,A,100,G,
105,5fvj,A,101,K,
106,5fvj,A,102,G,
107,5fvj,A,103,L,2082.0
108,5fvj,A,104,G,
109,5fvj,A,105,A,2082.0
110,5fvj,A,106,D,
111,5fvj,A,107,L,154.0
112,5fvj,A,108,L,2082.0
113,5fvj,A,109,H,
114,5fvj,A,110,D,
115,5fvj,A,111,A,
116,5fvj,A,112,V,2082.0
117,5fvj,A,113,L,2082.0
118,5fvj,A,114,R,
119,5fvj,A,115,C,2082.0
120,5fvj,A,116,Y,2082.0
121,5fvj,A,117,R,
122,5fvj,A,118,V,2082.0
123,5fvj,A,119,A,2082.0
124,5fvj,A,120,E,
125,5fvj,A,121,N,
126,5fvj,A,122,I,2082.0
127,5fvj,A,123,G,
128,5fvj,A,124,V,2082.0
129,5fvj,A,125,R,
130,5fvj,A,126,A,
131,5fvj,A,127,I,
132,5fvj,A,128,M,2082.0
133,5fvj,A,129,V,2082.0
134,5fvj,A,130,H,
135,5fvj,A,131,A,2082.0
136,5fvj,A,132,L,2082.0
137,5fvj,A,133,T,
138,5fvj,A,134,E,
139,5fvj,A,135,E,
140,5fvj,A,136,A,2082.0
141,5fvj,A,137,K,
142,5fvj,A,138,N,
143,5fvj,A,139,F,2082.0
144,5fvj,A,140,F,2082.0
145,5fvj,A,141,I,73.0
146,5fvj,A,142,H,
147,5fvj,A,143,H,
148,5fvj,A,144,G,
149,5fvj,A,145,F,2082.0
150,5fvj,A,146,K,
151,5fvj,A,147,S,
152,5fvj,A,148,S,
153,5fvj,A,149,Q,
154,5fvj,A,150,T,
155,5fvj,A,151,Q,
156,5fvj,A,152,Q,
157,5fvj,A,153,R,
158,5fvj,A,154,T,
159,5fvj,A,155,L,
160,5fvj,A,156,F,2082.0
161,5fvj,A,157,L,2082.0
162,5fvj,A,158,R,
163,5fvj,A,159,L,2082.0
164,5fvj,A,160,P,
165,5fvj,A,161,Q,
