residue,id,patch_size
M,1,870.0
R,2,
L,3,112.0
K,4,
V,5,112.0
K,6,
Q,7,
S,8,
S,9,
A,10,
N,11,
V,12,
H,13,
S,14,
E,15,
L,16,572.0
T,17,
A,18,572.0
A,19,572.0
V,20,572.0
G,21,
W,22,16.0
N,23,
V,24,572.0
W,25,572.0
N,26,
E,27,
L,28,
F,29,
T,30,
C,31,5.0
S,32,
D,33,
D,34,
Q,35,
T,36,
I,37,5.0
H,38,
K,39,
W,40,28.0
N,41,
M,42,160.0
L,43,160.0
G,44,
E,45,
P,46,
E,47,
Q,48,
K,49,
V,50,20.0
S,51,
T,52,
L,53,111.0
D,54,
A,55,120.0
Y,56,120.0
F,57,120.0
T,58,
D,59,
M,60,572.0
H,61,
W,62,572.0
Y,63,572.0
P,64,
V,65,572.0
S,66,
S,67,
K,68,
K,69,
T,70,
Q,71,
A,72,98.0
G,73,
G,74,
T,75,
D,76,
V,77,572.0
F,78,
A,79,
V,80,
A,81,
C,82,
T,83,
D,84,
G,85,
S,86,
V,87,
K,88,
I,89,
L,90,
S,91,
R,92,
T,93,
G,94,
R,95,
V,96,111.0
E,97,
K,98,
S,99,
I,100,5.0
E,101,
G,102,
H,103,
K,104,
G,105,
A,106,572.0
C,107,
I,108,572.0
S,109,
L,110,
R,111,
W,112,
S,113,
Y,114,806.0
D,115,
G,116,
T,117,
A,118,806.0
L,119,
A,120,
T,121,
A,122,
G,123,
E,124,
D,125,
G,126,
S,127,
V,128,
K,129,
I,130,806.0
W,131,
S,132,
R,133,
N,134,
G,135,
M,136,192.0
L,137,192.0
R,138,
S,139,
T,140,
L,141,806.0
A,142,806.0
Q,143,
A,144,806.0
D,145,
S,146,
P,147,
V,148,
Y,149,572.0
S,150,
I,151,
V,152,806.0
W,153,806.0
A,154,115.0
Y,155,806.0
D,156,
C,157,806.0
D,158,
Q,159,
L,160,
C,161,
Y,162,806.0
C,163,
T,164,
G,165,
S,166,
N,167,
V,168,
V,169,806.0
I,170,5.0
K,171,
S,172,
L,173,806.0
S,174,
S,175,
N,176,
A,177,89.0
K,178,
Q,179,
N,180,
A,181,806.0
W,182,806.0
K,183,
A,184,806.0
H,185,
D,186,
G,187,
V,188,572.0
V,189,
L,190,572.0
K,191,
V,192,7.0
D,193,
W,194,115.0
S,195,
P,196,
I,197,806.0
N,198,
H,199,
L,200,126.0
I,201,
I,202,
T,203,
G,204,
G,205,
E,206,
D,207,
C,208,870.0
K,209,
Y,210,870.0
K,211,
V,212,126.0
W,213,
D,214,
S,215,
F,216,120.0
G,217,
R,218,
L,219,806.0
L,220,806.0
F,221,806.0
Q,222,
S,223,
G,224,
L,225,870.0
F,226,870.0
D,227,
Y,228,870.0
P,229,
V,230,870.0
T,231,
S,232,
V,233,66.0
A,234,66.0
W,235,66.0
A,236,66.0
P,237,
S,238,
G,239,
E,240,
L,241,870.0
F,242,
A,243,
V,244,
G,245,
G,246,
F,247,870.0
N,248,
T,249,
L,250,
Q,251,
L,252,
C,253,
D,254,
R,255,
M,256,126.0
G,257,
W,258,870.0
A,259,870.0
Y,260,870.0
S,261,
K,262,
I,263,112.0
H,264,
L,265,112.0
N,266,
D,267,
T,268,
G,269,
S,270,
I,271,
M,272,572.0
T,273,
L,274,66.0
S,275,
W,276,66.0
T,277,
A,278,572.0
D,279,
S,280,
T,281,
Q,282,
L,283,
A,284,
G,285,
G,286,
G,287,
G,288,
S,289,
G,290,
G,291,
V,292,28.0
V,293,
F,294,160.0
G,295,
Q,296,
V,297,870.0
V,298,870.0
D,299,
L,300,870.0
A,301,870.0
L,302,870.0
E,303,
D,304,
G,305,
K,306,
M,307,206.0
Q,308,
V,309,
T,310,
V,311,870.0
V,312,156.0
D,313,
D,314,
M,315,78.0
R,316,
I,317,156.0
V,318,156.0
V,319,30.0
N,320,
D,321,
I,322,206.0
L,323,206.0
N,324,
E,325,
N,326,
A,327,156.0
D,328,
E,329,
L,330,156.0
P,331,
E,332,
F,333,78.0
R,334,
D,335,
R,336,
V,337,870.0
I,338,870.0
K,339,
V,340,870.0
S,341,
L,342,870.0
G,343,
Y,344,806.0
G,345,
Y,346,806.0
L,347,
I,348,
V,349,
A,350,
T,351,
A,352,74.0
T,353,
Q,354,
C,355,
H,356,
V,357,60.0
Y,358,46.0
N,359,
T,360,
T,361,
N,362,
L,363,46.0
G,364,
T,365,
P,366,
H,367,
I,368,143.0
F,369,143.0
D,370,
L,371,143.0
K,372,
D,373,
T,374,
V,375,18.0
T,376,
L,377,806.0
L,378,806.0
L,379,806.0
Q,380,
A,381,806.0
E,382,
R,383,
H,384,
F,385,
L,386,
L,387,143.0
L,388,
D,389,
N,390,
S,391,
A,392,49.0
G,393,
I,394,64.0
Q,395,
I,396,
Y,397,143.0
T,398,
Y,399,60.0
E,400,
G,401,
R,402,
Q,403,
I,404,125.0
C,405,125.0
N,406,
P,407,
R,408,
F,409,64.0
Q,410,
G,411,
L,412,64.0
R,413,
T,414,
E,415,
L,416,806.0
L,417,806.0
N,418,
A,419,806.0
Q,420,
M,421,115.0
I,422,
T,423,
L,424,806.0
S,425,
N,426,
D,427,
T,428,
I,429,
A,430,
V,431,
L,432,
D,433,
Q,434,
Q,435,
A,436,109.0
S,437,
G,438,
T,439,
T,440,
V,441,
R,442,
F,443,32.0
F,444,32.0
D,445,
T,446,
A,447,125.0
Q,448,
G,449,
R,450,
P,451,
V,452,154.0
G,453,
E,454,
P,455,
W,456,1788.0
Q,457,
H,458,
T,459,
L,460,74.0
E,461,
V,462,115.0
K,463,
E,464,
I,465,806.0
A,466,806.0
L,467,806.0
S,468,
Q,469,
A,470,1788.0
G,471,
T,472,
I,473,154.0
N,474,
D,475,
R,476,
Q,477,
L,478,
I,479,
V,480,
I,481,1.0
D,482,
R,483,
N,484,
R,485,
D,486,
L,487,
Y,488,1788.0
L,489,
L,490,
P,491,
V,492,133.0
M,493,154.0
K,494,
R,495,
H,496,
V,497,1788.0
A,498,1788.0
K,499,
L,500,1788.0
A,501,1788.0
A,502,1788.0
M,503,1788.0
C,504,
D,505,
S,506,
A,507,806.0
R,508,
W,509,806.0
H,510,
D,511,
S,512,
T,513,
A,514,1788.0
M,515,
L,516,
S,517,
A,518,
M,519,
V,520,1788.0
D,521,
Q,522,
R,523,
L,524,508.0
C,525,1788.0
V,526,508.0
W,527,1788.0
Y,528,
Y,529,1788.0
P,530,
S,531,
E,532,
V,533,1788.0
Y,534,1788.0
V,535,1788.0
D,536,
K,537,
D,538,
L,539,1788.0
L,540,1788.0
A,541,1788.0
K,542,
T,543,
R,544,
Y,545,508.0
T,546,
K,547,
S,548,
D,549,
S,550,
D,551,
F,552,508.0
G,553,
K,554,
S,555,
A,556,
Q,557,
I,558,806.0
Q,559,
L,560,508.0
F,561,
A,562,508.0
G,563,
N,564,
R,565,
C,566,
L,567,508.0
V,568,
R,569,
R,570,
S,571,
D,572,
G,573,
V,574,508.0
L,575,508.0
V,576,508.0
S,577,
A,578,508.0
A,579,508.0
T,580,
S,581,
P,582,
Y,583,1788.0
P,584,
A,585,1788.0
V,586,1788.0
L,587,
Y,588,1788.0
D,589,
M,590,1788.0
I,591,1788.0
R,592,
K,593,
Q,594,
Q,595,
W,596,1788.0
D,597,
K,598,
A,599,
T,600,
R,601,
L,602,1788.0
C,603,1788.0
R,604,
F,605,1788.0
I,606,1788.0
K,607,
D,608,
P,609,
T,610,
M,611,
W,612,1788.0
A,613,1788.0
T,614,
L,615,
A,616,
A,617,1788.0
M,618,1788.0
A,619,
M,620,1788.0
A,621,1788.0
A,622,1788.0
K,623,
E,624,
L,625,1788.0
N,626,
T,627,
A,628,1788.0
E,629,
V,630,1788.0
A,631,
F,632,1788.0
A,633,1788.0
A,634,1788.0
I,635,1788.0
D,636,
E,637,
V,638,1788.0
D,639,
K,640,
T,641,
H,642,
F,643,
V,644,
R,645,
K,646,
V,647,
K,648,
Q,649,
I,650,
P,651,
T,652,
E,653,
E,654,
G,655,
R,656,
N,657,
A,658,
E,659,
L,660,
A,661,
V,662,
Y,663,
R,664,
R,665,
K,666,
P,667,
E,668,
E,669,
G,670,
E,671,
S,672,
I,673,
L,674,
L,675,
Q,676,
A,677,
G,678,
L,679,
V,680,
F,681,
R,682,
A,683,
I,684,
K,685,
L,686,
N,687,
I,688,
K,689,
L,690,
F,691,
N,692,
W,693,
E,694,
R,695,
A,696,
L,697,
D,698,
L,699,
A,700,
T,701,
Q,702,
H,703,
K,704,
Q,705,
H,706,
Q,707,
D,708,
T,709,
V,710,
L,711,
W,712,
Y,713,
R,714,
Q,715,
Q,716,
F,717,
L,718,
K,719,
N,720,
A,721,
K,722,
L,723,
A,724,
E,725,
S,726,
I,727,
T,728,
R,729,
F,730,
M,731,
Q,732,
M,733,
N,734,
E,735,
S,736,
V,737,
V,738,
V,739,
D,740,
Q,741,
A,742,
A,743,
V,744,
K,745,
K,746,
K,747,
I,748,
E,749,
E,750,
E,751,
R,752,
I,753,
K,754,
E,755,
S,756,
Q,757,
R,758,
P,759,
G,760,
A,761,
K,762,
R,763,
Y,764,
V,765,
H,766,
H,767,
H,768,
H,769,
H,770,
H,771,
