residue,id,patch_size
M,1,
S,2,
E,3,
F,4,17.0
F,5,9.0
P,6,
V,7,882.0
P,8,
K,9,
P,10,
I,11,882.0
K,12,
L,13,882.0
N,14,
P,15,
H,16,
V,17,882.0
E,18,
L,19,882.0
E,20,
V,21,882.0
F,22,882.0
Q,23,
C,24,1.0
Q,25,
D,26,
T,27,
I,28,882.0
F,29,
Q,30,
L,31,882.0
S,32,
V,33,882.0
I,34,882.0
A,35,882.0
P,36,
N,37,
A,38,882.0
K,39,
L,40,882.0
E,41,
S,42,
H,43,
Q,44,
H,45,
P,46,
E,47,
S,48,
Q,49,
I,50,
G,51,
M,52,882.0
V,53,882.0
L,54,882.0
S,55,
G,56,
E,57,
L,58,882.0
E,59,
L,60,
Y,61,405.0
I,62,405.0
K,63,
D,64,
V,65,405.0
I,66,405.0
K,67,
P,68,
L,69,882.0
R,70,
A,71,882.0
L,72,882.0
Q,73,
D,74,
I,75,
H,76,
V,77,29.0
A,78,
D,79,
A,80,83.0
N,81,
V,82,83.0
S,83,
H,84,
G,85,
F,86,882.0
V,87,405.0
N,88,
P,89,
L,90,57.0
S,91,
E,92,
P,93,
M,94,882.0
I,95,882.0
G,96,
F,97,882.0
D,98,
L,99,
K,100,
R,101,
I,102,101.0
T,103,
S,104,
S,105,
L,106,149.0
P,107,
S,108,
E,109,
D,110,
V,111,405.0
V,112,405.0
L,113,405.0
T,114,
L,115,12.0
S,116,
N,117,
N,118,
Q,119,
D,120,
K,121,
I,122,111.0
T,123,
H,124,
L,125,83.0
P,126,
C,127,882.0
Q,128,
S,129,
V,130,405.0
K,131,
G,132,
S,133,
W,134,
F,135,
E,136,
I,137,
V,138,14.0
M,139,882.0
M,140,882.0
K,141,
I,142,111.0
P,143,
S,144,
G,145,
Y,146,83.0
S,147,
I,148,111.0
P,149,
P,150,
H,151,
Q,152,
G,153,
E,154,
Q,155,
E,156,
E,157,
I,158,
G,159,
F,160,
I,161,
L,162,882.0
N,163,
G,164,
K,165,
L,166,
E,167,
I,168,111.0
F,169,105.0
I,170,
E,171,
N,172,
E,173,
E,174,
Q,175,
C,176,69.0
L,177,69.0
E,178,
Y,179,882.0
G,180,
Q,181,
I,182,9.0
Y,183,111.0
Y,184,1.0
A,185,
P,186,
S,187,
K,188,
V,189,105.0
L,190,105.0
K,191,
K,192,
G,193,
Y,194,97.0
N,195,
S,196,
S,197,
N,198,
Q,199,
D,200,
I,201,
N,202,
L,203,111.0
I,204,
K,205,
I,206,
L,207,89.0
I,208,
L,209,89.0
E,210,
H,211,
H,212,
H,213,
H,214,
H,215,
H,216,
